0050002445376574000000005000000000050
0068358619817151600000002700000000027
0092387719324733000000000200000000002
0092798710863623200000002000000000020
0098249621362979500000001200000000012
0101408656522435000000004400000000044
0114216769287893100000003700000000037
0156140910649160000000003500000000035
0274530372000209000000003900000000039
0276083679710756500000002400000000024
0287196825281249000000000600000000006
0294013936230044900000002200000000022
0298809135309431200000000400000000004
0326076361233756000000001000000000010
0376628198415515400000004100000000041
0394024601614148900000001900000000019
0399916924637588500000000300000000003
0401150089177736700000001300000000013
0438527147662781900000003400000000034
0453478410271395100000003600000000036
0485945261287706500000000700000000007
0540709985047986600000002100000000021
0565683054498121600000004600000000046
0567118447850584400000001800000000018
0578735122887933900000004700000000047
0597511751661607700000004200000000042
0600961915067452600000000500000000005
0634925033164850900000001500000000015
0650353518179599200000004800000000048
0650923036255381600000003000000000030
0672300046320776400000002800000000028
0672705519061601400000001600000000016
0683267604769808700000003300000000033
0702663761503227700000003100000000031
0705826726183775200000004300000000043
0709414275105555100000003200000000032
0725150814918888300000002900000000029
0737933563466114200000004500000000045
0742768486342320900000001100000000011
0744387098889753000000003800000000038
0804058041034868000000002600000000026
0811254583423973500000002300000000023
0826259360247307600000004900000000049
0851786695820600800000001400000000014
0893136935189478300000000800000000008
0905629793166401100000002500000000025
0934910747586921400000001700000000017
0950173372142989300000000900000000009
0968029415460369700000000100000000001
0980558340899658800000004000000000040
